2449182.5960   -9.020 0.320 
2449245.4510   -7.040 0.290 
2449483.6180    1.480 0.320 
2449606.4340    3.290 0.290 
2449922.5300    0.230 0.290 
2449962.4650   -1.560 0.290 
2450313.5220   -8.770 0.290 
2450357.4160   -7.880 0.270 
2450362.5440   -7.730 0.330 
2450380.2860   -7.720 0.290 
2450427.2470   -6.060 0.320 
2455014.7090   -5.870 0.053 
2455843.4449   -7.473 0.058 
2455932.3468   -9.454 0.052 
2455937.3404   -9.379 0.053 
2455959.3470   -9.432 0.054 
2456034.7485   -8.961 0.055 
2456066.7296   -8.409 0.053 
2456112.7172   -7.202 0.052 
2456139.5914   -6.471 0.053 
2456190.5293   -4.529 0.052 
2456255.4144   -2.071 0.056 
2456296.3253   -1.155 0.053 
2456389.7521    2.613 0.054 
2456458.7220    3.906 0.052 
2456468.6526    4.010 0.055 
2456478.6888    4.202 0.052 
2456488.6630    4.172 0.054 
2456558.5920    4.134 0.054 
2456602.4805    4.052 0.053 
2456604.5205    3.896 0.055 
2456606.4403    3.817 0.054 
2456607.4608    3.966 0.055 
2456608.4674    4.047 0.055 
2456625.4132    3.576 0.054 
2459466.487949194 -8.918974895299092  0
2459466.519614012 -8.70745343346931   0
2459466.551308749 -8.81727471399984   0
2459467.349544129 -8.984270196439695  0
2459494.30756491  -8.528877262769612  0
2459494.342034884 -8.640652646366274  0
2459494.373713585 -8.659787489350334  0
2459495.315257988 -8.381249210328317  0
2459495.346924856 -8.23648383247416   0
