2447286.0	-41.3	1.
2447344.0	-37.9	1.
2447370.0	-39.8	1.
2447461.0	-36.7	1.
2447644.0	-39.3	1.
2446917.6402	-37.87	0.34
2446982.4618	-37.85	0.30
2447244.6887	-39.63	0.32
2447301.5463	-38.79	0.30
2447368.3766	-38.99	0.30
2447457.2914	-40.19	0.34
2447684.5789	-39.24	0.31
2447739.3848	-39.50	0.32
2447856.2607	-39.25 	0.33
2448000.5933	-38.69	0.30
2448117.3715	-38.23	0.32
2448146.3405	-38.19	0.30
2448334.6946	-37.30	0.32
2448464.4940	-37.06	0.33
2448492.3638	-36.26	0.30
2448504.3717	-36.16	0.32
2448789.5370	-34.70	0.33
2448854.4677	-34.32	0.33
2449086.6278	-33.12	0.30
2449100.5727	-33.29	0.32
2449181.4119	-32.57	0.30
2449185.4093	-32.48	0.31
2449245.3380	-32.52	0.28
2449265.2837	-33.08	0.30
2449421.6964	-32.10	0.29
2449460.6519	-32.39 	0.38
2449482.5353	-32.51 	0.33
2449506.5441	-32.61 	0.33
2449546.4572	-32.43	0.32
2449546.4797	-32.49	0.33
2449606.3337	-33.05	0.30
2449899.4949	-32.71	0.31
2449919.4220	-32.50	0.31
2449920.5041	-32.46	0.30
2449959.3476	-32.26	0.34
2450278.5226	-33.51	0.31
2450310.3525	-33.85	0.30
2450353.3785	-33.30	0.30
2450380.2437	-34.18	0.30
2454939.7321	-33.400	0.052
2455653.6533	-35.475	0.058
2455656.7489	-35.505	0.060
2455657.7566	-35.564	0.061
2455661.7615	-35.834	0.061
2456041.6844	-36.685	0.060
2457052.7882	-39.616	0.063
2457152.5916	-39.698	0.059
2457167.4827	-39.486	0.063
2457196.5686	-39.599	0.063
2457228.4435	-39.280	0.061
2457258.4658	-39.489	0.062
2457354.3155	-38.615	0.062
2457441.7444	-37.908	0.064
2457495.5853	-37.455	0.059
2457550.7157	-37.257	0.060
2457585.4191	-36.752	0.063
2457621.5126	-36.831	0.060
2457673.3298	-35.848	0.060
2457721.3431	-35.977	0.060
2457793.7505	-35.429	0.058
2457835.6677	-35.664	0.060
2457857.7314	-35.456	0.059
2457876.6896	-35.309	0.058
2457909.5956	-35.419	0.063
2458012.4070	-34.894	0.062
2459466.281211905 -33.5360956920803   0.8
2459466.313526828 -33.5407863097772   0.8
2459466.345187683 -33.91971139973284  0.8
2459467.277310663 -33.55611567532377  0.8
2459495.211720899 -33.36178178044979  0.8
