49182.5960   -9.020 0.320 
49245.4510   -7.040 0.290 
49483.6180    1.480 0.320 
49606.4340    3.290 0.290 
49922.5300    0.230 0.290 
49962.4650   -1.560 0.290 
50313.5220   -8.770 0.290 
50357.4160   -7.880 0.270 
50362.5440   -7.730 0.330 
50380.2860   -7.720 0.290 
50427.2470   -6.060 0.320 
55014.7090   -5.870 0.053 
55843.4449   -7.473 0.058 
55932.3468   -9.454 0.052 
55937.3404   -9.379 0.053 
55959.3470   -9.432 0.054 
56034.7485   -8.961 0.055 
56066.7296   -8.409 0.053 
56112.7172   -7.202 0.052 
56139.5914   -6.471 0.053 
56190.5293   -4.529 0.052 
56255.4144   -2.071 0.056 
56296.3253   -1.155 0.053 
56389.7521    2.613 0.054 
56458.7220    3.906 0.052 
56468.6526    4.010 0.055 
56478.6888    4.202 0.052 
56488.6630    4.172 0.054 
56558.5920    4.134 0.054 
56602.4805    4.052 0.053 
56604.5205    3.896 0.055 
56606.4403    3.817 0.054 
56607.4608    3.966 0.055 
56608.4674    4.047 0.055 
56625.4132    3.576 0.054
59466.487949194    -8.491308228668295  0.47717816379212696
59466.5196140124    -8.362905814457324  0.25086234944157887
59466.5513087492    -8.385608047368816  0.4875327249474679
59467.3495441293    -8.432520196473579  0.3993393763436387
59494.30756491    -8.283944830372745   0.23468674239552514
59494.342034884    -8.354424576226384   0.3041286768417696
59494.373713585    -8.300925700768065   0.3209704203004674
59495.315257988    -8.093665877030812   0.26555025418935807
59495.346924856    -8.157079070605155  0.35056578823685647
59831.5497116405    3.3448251045168957 0.2872005459545482
 
