2446410.7195 -2.590 0.330
2446761.7203 -1.050 0.400
2446827.5968 -0.540 0.330
2446947.3539 -0.450 0.430
2447212.5107 -1.060 0.320
2450462.6804 -2.530 0.310
2450517.5075 -3.380 0.320
2454936.4154 -0.069 0.041
2455204.7470 -2.384 0.045
2455215.6977 -2.545 0.045
2455264.5978 -2.990 0.043
2455292.5479 -3.605 0.046
2455324.3754 -4.037 0.045
2455613.6515 -4.224 0.045
2455651.6025 -3.865 0.045
2455653.4643 -4.091 0.045
2455662.5546 -3.828 0.045
2455665.5294 -3.878 0.044
2455666.4631 -4.120 0.045
2455685.4917 -3.736 0.046
2455890.7843 -1.990 0.046
2455934.7362 -1.616 0.045
2455934.7448 -1.615 0.045
2455948.7773 -1.564 0.044
2455952.6450 -1.479 0.044
2455958.5984 -1.503 0.045
2455980.6575 -1.198 0.044
2456007.5915 -1.244 0.045
2456017.5705 -1.020 0.045
2456042.5249 -0.970 0.045
2456084.4100 -0.729 0.045
2456270.7935 0.044 0.045
2456297.7351 0.121 0.045
2456313.6948 0.135 0.043
2456335.6912 0.146 0.045
2456339.6626 0.156 0.046
2456340.6028 0.074 0.045
2456340.6405 0.126 0.045
2456341.5800 0.245 0.044
2456393.4483 0.052 0.045
2456424.4433 -0.077 0.047
2456604.7684 -0.584 0.044
2456661.6760 -1.044 0.046
2456695.5689 -1.458 0.044
2456751.5487 -2.256 0.045
2456752.5082 -2.202 0.046
2456789.4027 -2.744 0.046
2457027.7303 -4.770 0.044
2457035.7413 -4.783 0.046
2457129.4878 -4.575 0.045
2457160.3941 -4.380 0.045
2457223.3726 -3.902 0.044
2457412.6914 -2.301 0.045
2457462.5438 -2.070 0.045
2457465.5586 -1.964 0.045
