39228.91  2.0
39238.88  2.3
41295.27  1.4
41405.94  1.7
44012.87  -0.2
44238.17  0.3
44372.90  -0.9
44374.89  0.8
44637.10  0.1
44675.99  -1.0
44711.91  1.1
44789.90  -0.2
44979.14  0.1
45030.04  0.7
45073.92  -0.4
45100.89  -1.5
45380.40  0.2
45497.91  0.0
45701.18  0.4
45792.95  -0.3
45805.91  -1.3
46080.14  -1.4
46217.89  -0.6
46455.08  -0.2
46495.03  -1.2
46563.89  -1.1
46776.11  -1.3
46826.12  -1.9
46854.95  -1.2
46872.94  -2.7
46970.91  -0.6
47186.47  -1.5
47231.00  -1.6
47324.91  -2.2
47472.23  -1.6
47544.13  -2.0
47568.06  -1.7
47602.98  -3.8
47645.89  -1.7
47830.22  -2.1
47922.05  -1.5
48285.07  -2.3
48609.14  -2.4
48680.33  -2.2
48742.91  -2.2
49033.06  -2.2
49070.95  -2.2
49176.84  -2.2
49351.16  -2.1
49404.03  -2.0
49474.89  -2.6
49700.18  -2.7
49725.15  -2.3
49872.84  -2.5
50078.12  -2.7
50173.98  -2.6
