3902.980 -32.97 0.5
3918.945 -32.33 0.5
3918.973 -32.53 0.5
3942.867 -32.24 0.5
3943.895 -32.43 0.5
3970.809 -32.50 0.5
4011.863 -32.52 0.5
4026.754 -33.45 0.5
4038.789 -32.44 0.5
4085.738 -32.34 0.5
4304.883 -32.09 0.5
4331.848 -32.18 0.5
4352.852 -32.56 0.5
4382.746 -32.04 0.5
4428.711 -32.15 0.5
4607.063 -32.51 0.5
4751.793 -31.70 0.5
4936.117 -32.24 0.5
5051.789 -32.14 0.5
5053.871 -30.70 0.5
5068.906 -31.46 0.5
5105.723 -31.88 0.5
5368.000 -32.23 0.5
5441.824 -31.79 0.5
5713.008 -32.10 0.5
5803.801 -31.75 0.5
6558.766 -30.49 0.5
6640.715 -30.20 0.5
6851.926 -30.71 0.5
6885.879 -30.00 0.5
6970.727 -30.49 0.5
7224.039 -30.03 0.5
7275.809 -30.64 0.5
7316.828 -29.59 0.5
7634.918 -30.06 0.5
