3906.766  -26.44  0.5
3906.832  -27.13  0.5
3918.875  -25.97  0.5
3942.836  -13.47  0.5
3943.781  -12.85  0.5
3970.742  -19.22  0.5
4011.828  -20.36  0.5
4026.738  -11.87  0.5
4038.770  -10.82  0.5
4178.082  -17.74  0.5
4185.035  -13.03  0.5
4191.992  -10.72  0.5
4198.957  -11.89  0.5
4219.949  -22.90  0.5
4304.758  -25.11  0.5
4319.813  -26.40  0.5
4331.785  -21.57  0.5
4352.699  -10.60  0.5
4382.723  -25.07  0.5
4428.723  -11.86  0.5
4435.715  -9.03  0.5
4485.680  -24.74  0.5
4499.039  -17.96  0.5
4500.035  -17.42  0.5
4605.957  -12.30  0.5
4607.023  -13.15  0.5
4607.965  -14.00  0.5
4640.863  -26.63  0.5
4668.813  -12.66  0.5
4669.020  -13.18  0.5
4676.828  -9.63  0.5
4683.844  -11.43  0.5
4712.758  -27.19  0.5
4713.730  -27.10  0.5
4751.766  -11.89  0.5
4781.730  -22.68  0.5
4799.715  -26.64  0.5
4936.105  -17.79  0.5
5051.777  -23.53  0.5
5068.770  -14.17  0.5
5083.777  -10.23  0.5
5441.809  -27.92  0.5
5452.711  -23.61  0.5
5474.707  -12.71  0.5
5499.742  -15.94  0.5
5501.730  -19.04  0.5
5524.766  -26.99  0.5
5534.734  -24.18  0.5
5583.969  -21.25  0.5
5597.645  -26.42  0.5
5598.035  -26.16  0.5
5608.055  -26.02  0.5
5613.047  -25.23  0.5
5619.066  -22.10  0.5
5667.977  -22.72  0.5
5752.887  -25.43  0.5
5803.742  -10.78  0.5
5852.766  -26.23  0.5
6040.863  -12.57  0.5
6335.063  -25.98  0.5
6558.750  -25.02  0.5
6720.996  -25.57  0.5
6851.816  -9.67  0.5
7087.070  -11.92  0.5
7275.684  -20.51  0.5





































