3906.77  -26.38  0.5
3906.83  -27.08  0.5
3918.88  -25.78  0.5
3942.84  -13.53  0.5
3943.78  -13.03  0.5
3970.74  -19.36  0.5
4011.83  -20.53  0.5
4026.74  -12.04  0.5
4038.77  -10.90  0.5
4178.08  -17.82  0.5
4185.04  -13.15  0.5
4191.99  -11.05  0.5
4198.96  -11.51  0.5
4219.95  -23.44  0.5
4304.76  -25.40  0.5
4319.81  -26.52  0.5
4331.79  -21.80  0.5
4352.70  -10.77  0.5
4382.72  -25.22  0.5
4428.72  -12.02  0.5
4485.68  -24.92  0.5
4499.04  -18.11  0.5
4500.04  -17.62  0.5
4605.96  -12.73  0.5
4607.02  -13.15  0.5
4607.96  -13.58  0.5
4640.86  -26.95  0.5
4668.81  -12.93  0.5
4669.02  -13.46  0.5
4676.83  -9.82  0.5
4683.84  -11.66  0.5
4712.76  -27.29  0.5
4713.73  -27.32  0.5
4751.77  -12.12  0.5
4781.73  -22.78  0.5
4799.71  -26.77  0.5
4936.11  -17.97  0.5
5051.78  -23.59  0.5
5068.77  -14.31  0.5
5083.78  -10.35  0.5







