2439793.12  24.2  1.0
2439812.10  16.2  1.0
2440592.96  12.0  1.0
2440665.86  25.5  1.0
2440675.91  27.0  1.0
2440970.97  13.8  1.0
2440986.00  18.7  1.0
2440993.91  22.3  1.0
2440997.93  23.8  1.0
2441002.90  25.1  1.0
2441275.14  13.8  1.0
2441284.06  11.6  1.0
2441290.11  11.6  1.0
2441293.16  12.8  1.0
2441415.83  13.6  1.0
2441639.14  12.5  1.0
2441650.09  16.2  1.0
2441652.07  16.5  1.0
2441726.95  13.4  1.0
2441734.81  10.1  1.0
2441738.90  11.2  1.0
2441751.88  14.3  1.0
2441756.90  14.8  1.0
2441767.82  20.8  1.0
2441770.83  19.7  1.0
2441937.19  15.7  1.0
2441952.18  12.6  1.0
2441973.18  14.4  1.0
2441998.12  20.7  1.0
2442067.03  12.0  1.0
2442080.93  11.7  1.0
2442087.92  13.7  1.0
2442108.85  22.4  1.0
2442112.87  24.3  1.0
2442141.83  23.1  1.0
2442151.85  19.8  1.0
2441301.18  10.2  1.0
2442312.15  14.0  1.0
2442327.16  19.4  1.0
2442348.13  27.1  1.0
2442361.19  26.3  1.0
2442363.14  24.8  1.0
2442378.55  18.1  1.0
2442411.03  12.4  1.0
2442467.86  28.1  1.0
2442469.87  26.7  1.0
2442470.89  25.4  1.0
2442509.84  13.3  1.0
2442720.13  14.1  1.0
2442723.00  14.7  1.0
2442780.98  24.2  1.0
2442804.94  28.3  1.0
2442806.91  24.4  1.0
2442836.83  12.4  1.0
2442837.94  14.6  1.0
2442838.90  14.6  1.0

