2446917.6400  -37.870  0.270
2446982.4620  -37.850  0.240
2447244.6890  -39.630  0.260
2447301.5460  -38.790  0.240
2447368.3770  -38.990  0.240
2447457.2910  -40.190  0.270
2447684.5790  -39.240  0.260
2447739.3850  -39.500  0.260
2447856.2610  -39.250  0.270
2448000.5930  -38.690  0.240
2448117.3720  -38.230  0.260
2448146.3400  -38.190  0.240
2448334.6950  -37.300  0.260
2448464.4940  -37.060  0.270
2448492.3640  -36.260  0.240
2448504.3720  -36.160  0.260
2448789.5370  -34.700  0.270
2448854.4680  -34.320  0.260
2449086.6280  -33.120  0.240
2449100.5730  -33.290  0.260
2449181.4120  -32.570  0.240
2449185.4090  -32.480  0.250
2449245.3380  -32.520  0.220
2449265.2840  -33.080  0.240
2449421.6960  -32.100  0.230
2449460.6520  -32.390  0.310
2449482.5350  -32.510  0.270
2449506.5440  -32.610  0.270
2449546.4570  -32.430  0.270
2449546.4800  -32.490  0.270
2449606.3340  -33.050  0.270
2449899.4950  -32.710  0.270
2449919.4220  -32.500  0.270
2449920.5040  -32.460  0.270
2449959.3480  -32.260  0.270
2450278.5230  -33.510  0.270
2450310.3530  -33.850  0.270
2454939.7321  -33.400  0.052
2455653.6533  -35.475  0.058
2455656.7489  -35.505  0.060
2455657.7566  -35.564  0.061
2455661.7615  -35.834  0.061
2456041.6844  -36.685  0.060
2457052.7882  -39.616  0.063
2457152.5916  -39.698  0.059
2457167.4827  -39.486  0.063
2457196.5686  -39.599  0.063
2457228.4435  -39.280  0.061
2457258.4658  -39.489  0.062
2457354.3155  -38.615  0.062
2457441.7444  -37.908  0.064
2457495.5853  -37.455  0.059
2457550.7157  -37.257  0.060
2457585.4191  -36.752  0.063
2457621.5126  -36.831  0.060
2457673.3298  -35.848  0.060
2457721.3431  -35.977  0.060
2457793.7505  -35.429  0.058
2457835.6677  -35.664  0.060
2457857.7314  -35.456  0.059
2457876.6896  -35.309  0.058
2457909.5956  -35.419  0.063
2458012.4070  -34.894  0.062
