39228.9100 1.800 0.200
39238.8800 2.100 0.200
41295.2700 1.200 0.200
41405.9400 1.500 0.200
44012.8700 -0.400 0.200
44238.1700 0.100 0.200
44372.9000 -1.100 0.200
44374.8900 0.600 0.200
44637.1000 -0.100 0.200
44675.9900 -1.200 0.200
44711.9100 0.900 0.200
44789.9000 -0.400 0.200
44979.1400 -0.100 0.200
45030.0400 0.500 0.200
45073.9200 -0.600 0.200
45100.8900 -1.700 0.200
45380.4000 0.000 0.200
45497.9100 -0.200 0.200
45701.1800 0.200 0.200
45792.9500 -0.500 0.200
45805.9100 -1.500 0.200
46080.1400 -1.600 0.200
46217.8900 -0.800 0.200
46455.0800 -0.400 0.200
46495.0300 -1.400 0.200
46514.9900 -1.300 0.200
46563.8900 -1.300 0.200
46776.2200 -1.500 0.200
46826.1200 -2.100 0.200
46854.9500 -1.100 0.200
46872.9400 -2.900 0.200
46884.0100 -1.300 0.200
46970.9100 -0.800 0.200
47186.4700 -1.700 0.200
47231.5000 -1.600 0.200
47324.9100 -2.400 0.200
47472.2300 -1.600 0.200
47544.1300 -2.200 0.200
47568.0600 -1.900 0.200
47602.9800 -4.000 0.200
47645.8900 -1.700 0.200
47830.2200 -2.100 0.200
47922.0500 -1.400 0.200
48285.0700 -2.200 0.200
48609.1400 -2.300 0.200
48680.3300 -2.400 0.200
48742.9100 -2.100 0.200
49033.0600 -2.100 0.200
49070.9500 -2.100 0.200
49176.8400 -2.200 0.200
49351.1600 -2.100 0.200
49404.0300 -2.000 0.200
49474.8900 -2.500 0.200
49700.1800 -2.700 0.200
49725.1500 -2.300 0.200
49872.8400 -2.400 0.200
50078.1200 -2.600 0.200
50173.9800 -2.400 0.200
50408.2200 -2.300 0.200
50442.2000 -1.900 0.200
50551.9200 -1.500 0.200
50649.8400 -1.700 0.200
50804.1700 -1.100 0.200
50931.9000 -0.400 0.200
51002.8500 -0.400 0.200
51270.3000 1.000 0.200
51367.2200 1.800 0.200
51486.5400 2.100 0.200
51532.1600 2.500 0.200
51539.3000 3.100 0.200
51552.1200 2.900 0.200
51585.0900 3.000 0.200
51607.0300 3.000 0.200
51689.8900 3.300 0.200
51732.8900 2.900 0.200
51861.2600 4.200 0.200
51920.1500 4.600 0.200
51980.0500 5.100 0.200
52041.0500 5.000 0.200
52115.8900 4.800 0.200
52214.2300 5.100 0.200
52275.1700 4.700 0.200
52335.0600 5.300 0.200
52395.9500 5.400 0.200
52458.9000 5.200 0.200
52566.2200 5.100 0.200
52613.2200 5.200 0.200
52646.1900 5.400 0.200
52701.0200 5.400 0.200
52765.9100 5.300 0.200
52832.8800 5.100 0.200
52947.2500 5.000 0.200
53013.1700 5.000 0.200
53081.1100 4.900 0.200
53141.9200 5.200 0.200
53192.8900 4.800 0.200
53297.2300 4.700 0.200
53365.2300 4.700 0.200
53448.0000 4.700 0.200
53494.9400 4.700 0.200
53560.8900 4.300 0.200
53679.2400 4.200 0.200
53762.2600 4.400 0.200
53816.9600 4.400 0.200
53865.9600 4.200 0.200
53918.9200 4.100 0.200
54058.2700 4.000 0.200
54114.2000 3.800 0.200
54181.0300 3.800 0.200
54238.9300 4.000 0.200
54288.9000 3.700 0.200
54413.2400 3.100 0.200
54471.2400 3.700 0.200
54933.4908 2.808 0.064
55200.7421 2.284 0.047
55217.6619 2.304 0.047
55253.5752 2.124 0.048
55284.5648 2.200 0.047
55345.3844 2.063 0.047
55506.7538 2.039 0.046
55571.6807 1.979 0.048
55572.8108 1.945 0.048
55575.6885 1.996 0.048
55575.7682 2.023 0.048
55641.4783 1.829 0.048
55651.6069 2.007 0.049
56676.6738 1.141 0.047
56679.6281 1.197 0.047
56756.5766 1.217 0.048
56820.3916 1.147 0.048
57003.7305 1.078 0.049
57035.7699 1.009 0.047
57108.5380 0.953 0.048
57117.6477 0.985 0.048
57133.5128 0.926 0.050
57194.3933 0.932 0.048
57342.7776 0.846 0.049
57395.6826 0.849 0.048
57489.5864 0.745 0.048
57814.6519 0.642 0.049
57835.5397 0.541 0.048
57848.4781 0.526 0.049
54933.4908 2.808 0.064
55200.7421 2.284 0.047
55217.6619 2.304 0.047
55253.5752 2.124 0.048
55284.5648 2.200 0.047
55345.3844 2.063 0.047
55506.7538 2.039 0.046
55571.6807 1.979 0.048
55572.8108 1.945 0.048
55575.6885 1.996 0.048
55575.7682 2.023 0.048
55641.4783 1.829 0.048
55651.6069 2.007 0.049
56676.6738 1.141 0.047
56679.6281 1.197 0.047
56756.5766 1.217 0.048
56820.3916 1.147 0.048
57003.7305 1.078 0.049
57035.7699 1.009 0.047
57108.5380 0.953 0.048
57117.6477 0.985 0.048
57133.5128 0.926 0.050
57194.3933 0.932 0.048
57342.7776 0.846 0.049
57395.6826 0.849 0.048
57489.5864 0.745 0.048
57814.6519 0.642 0.049
57835.5397 0.541 0.048
57848.4781 0.526 0.049
59640.5907 0.232 0.050
59644.4187 0.408 0.294
59649.3959 0.363 0.179
59650.4091 0.546 0.453
59651.4010 0.411 0.071
